--bus section
bus,voltage_pu,angle,shunt_b
1,1.0198487774665879,4.089677767421325,0.0
2,1.0334968985985196,2.383788363078161,0.0
3,1.0226410696612573,-1.1602795346896864,0.0
4,1.0339236698227579,10.276356853578585,0.0
5,1.0316861153299937,1.8423740316508368,0.0
6,1.0155175454913608,6.342618008805536,0.0
7,1.024700954216601,-0.49972284300621217,0.0
8,1.0328126347310962,2.473984661600779,0.0
9,1.0192853549099534,1.047666947908185,0.0
10,1.030902287454929,1.9035658834723341,0.0
11,1.0239278589102994,-1.1791952126586667,0.0
12,1.0204557776648058,-3.1005752395803605,0.0
13,1.020421552532818,1.6532515269148353,0.0
15,1.031543818624796,-1.2419951512539156,0.0
16,1.0334385034975846,8.666671833431222,0.0
17,1.0348158301469306,8.463711758262464,5.489215133998547
18,1.0349968711352437,5.126385869353928,0.0
19,1.0335435164811249,5.017106380124652,0.0
20,1.0339419214450305,10.200440502847522,0.0
21,1.0055490104836255,-3.8651313514191687,0.0
22,1.0167050569490055,-2.8408823126611247,0.0
23,1.0087998744096425,-7.44632620781743,0.0
24,1.032511190329454,-2.084270039876439,2.1215269550629614
25,1.0155175454913608,6.342618008805538,0.0
27,1.0306367346626888,1.9195281918220006,0.0
28,1.0214257604144337,1.6134439107883598,-1.1023629472703569
30,1.0282578403839613,-1.744043339155112,0.0
31,1.0348288797019811,5.127518997405849,0.0
32,1.0316554552519488,2.2366737658935447,0.0
33,1.0321584055825481,4.3040589961633575,0.0
34,1.0095823727763318,-4.954436635766413,0.0
35,1.0335444001615852,5.017102950969321,0.0
36,1.0321584055825481,4.3040589961633575,0.0
37,1.0289112261773241,4.470234011788323,0.0
38,1.0335646211771736,5.01171902964181,0.0
39,1.0033026597240273,4.390616755478653,0.0
40,1.0309271028352693,8.118631566117253,0.0
41,1.026047847105418,2.128390532580645,0.0
43,1.0349957252116084,12.219740840415566,0.0
44,1.0090363797659514,-7.136391307912912,0.0
45,1.0321584055825481,4.3040589961633575,0.0
46,1.034996301177442,2.2533728309424697,0.0
47,1.0276695422684559,7.959125420365516,0.0
49,1.0095823727763318,-4.954436635766413,0.0
50,1.0328544859619546,2.4517451839425015,0.0
51,1.0316732307386056,-2.1307482886412115,0.0
52,1.025737821730318,2.1978786930355696,0.0
53,1.0216983472058327,-1.0493075616333243,0.0
54,1.017545986784257,-1.5822261888137228,-1.8281451631868264
55,1.026282031473569,6.342618008805539,0.0
56,1.0217210340177934,-2.9844755049329073,0.0
57,0.9926848694250721,-4.8938892006758055,0.0
58,1.0305501933559664,-0.16340953494023863,5.304679023086699
59,1.0086232277699363,-7.476253033354639,0.0
60,1.0201105297870445,1.1311902189712049,0.0
61,1.0305553517774453,1.898094550146327,0.0
62,1.0227863160081714,-0.9526998892897817,0.0
63,1.034039084075639,2.506914850499786,0.0
64,1.0077290635738494,-7.479095816208311,0.0
65,1.0318482308597894,8.78295959730869,0.0
66,1.0349968711352437,5.126385869353928,0.0
67,1.014064492763476,-4.867102203795123,24.145599319782363
68,1.0136429491422445,-2.5175461906240706,0.0
69,1.033322982793033,4.997937538176854,0.0
70,1.017149691446903,7.8842312057992325,0.0
71,1.028646853569523,7.921135411910063,0.0
72,1.0306646547509448,1.9833365826279585,0.0
73,1.0265013467355788,-0.8328801322106331,0.0
74,1.0329708656823353,2.4948326443246125,5.5726850444079234
75,1.034621737853768,10.119129507422969,0.0
76,1.0239814717205913,-0.8357815474406247,0.0
77,1.0084563407012783,1.7440387290521187,0.0
78,1.0275958090510817,-1.8165416847601397,0.0
79,1.0291745725914698,4.1844032543362575,0.0
80,1.0332700858110457,8.660469057325137,0.0
81,1.0208040310450637,1.6959550616525938,0.0
82,1.0216672694005318,-1.0530915827478535,0.0
83,1.0153292027106195,-2.323144711280893,0.0
84,1.0130696908663834,-2.5759446346685273,0.0
85,0.9926176282924768,-4.901517655882135,0.0
86,1.0229870383032336,4.670379012301415,0.0
87,1.0258057217648644,2.137676361025967,0.0
88,1.027248234525448,10.492681037366685,-9.312025459286835
89,1.0216974622087152,4.559249016846535,0.0
90,1.0341991479472117,2.5922807352912414,0.0
91,1.0159384568889493,-2.2248354022004357,0.0
92,1.0243208929434642,-1.1269733410445717,0.0
93,1.0349999932678915,8.588058798946426,0.0
94,1.0328808075333118,-2.0307844357455616,12.522059412566287
95,0.9812251220569727,-11.10318281563679,0.0
96,0.9811675701020496,-11.104168985030022,0.0
97,0.984305776697348,-10.723780194263888,0.0
98,0.9843864413211725,-10.718214098558548,0.0
99,0.9852576398777576,-10.76700394958918,0.0
100,0.9852799984620039,-10.76348905013028,0.0
101,0.9916967588519753,-12.001717588763485,0.0
102,0.9937988606716049,-11.769875376167974,0.0
103,1.0202526088693618,-5.982676396063223,0.0
104,0.9974476689149651,-6.3923903114603515,0.0
105,0.9974602921185403,-6.394950858432097,0.0
106,1.0080608198505667,-3.896177473185003,0.0
107,1.0080661262263693,-3.8884913727045785,0.0
108,0.9974599574558669,-6.331974001497417,0.0
109,1.005721557640261,-7.257218965582728,0.0
110,1.007847332694089,-3.918840320274924,0.0
111,1.0078343412255482,-3.914451094907626,0.0
112,1.0068329578226576,-3.9234939267459925,0.0
113,1.0068329578226576,-3.9234939267459925,0.0
114,1.006969718150602,-3.913226730035937,0.0
115,1.0098340494256501,-7.021146811619937,0.0
116,1.0259951457308407,-4.0934142524168164,0.0
117,1.0261924460390939,-4.112068742016721,0.0
118,1.0138177512285913,-6.494946125760775,0.0
119,1.0139819515695359,-6.483523370771359,0.0
120,1.006407549647882,-7.233960279453712,0.0
121,1.0090424800933682,-6.928659039326185,0.0
122,1.0090749445343496,-6.925010275672862,0.0
123,1.0090751831806277,-6.925014435347438,0.0
124,1.0090426994087962,-6.928663009924568,0.0
125,1.005783718572646,-7.251869190564102,0.0
126,1.0098404168715618,-7.021256553783195,0.0
127,1.0066255043518304,-4.29636083973682,0.0
128,1.0066154795656175,-4.315859217943409,0.0
129,1.0008974608531354,-6.749061979925183,0.0
130,1.001088271948472,-6.74607401668406,0.0
131,1.006645008016392,-3.9417767852403274,0.0
132,1.025817619899109,-4.106060469762308,0.0
133,1.0173100599563072,-6.671800102489608,0.0
134,0.9781124145909266,-13.345649593922419,0.0
135,1.0053040752193634,-7.289136169615816,0.0
136,1.0090026043261724,-6.93214189449348,0.0
137,1.0051198745094527,-7.378890350282013,0.0
138,0.9987801687267359,-6.400360536468429,0.0
139,0.9987820128723496,-6.400276110923126,0.0
140,1.0079283095676999,-3.9796247683418593,0.0
141,1.0084994452221718,-3.4715028495394535,0.0
142,1.0349080458017648,-2.0151563183396433,0.0
143,1.0349905349746773,-1.9568083524247883,0.0
144,1.0057826660200362,-7.251850741303793,0.0
145,1.0348339593552973,-3.039230916351615,0.0
146,1.005085485569537,-4.404439539216939,0.0
147,1.0050671962985522,-4.421569758828699,0.0
148,1.0246389044954356,-6.034689757930355,0.0
149,1.0251571197858718,-6.010216649602581,0.0
150,1.0097352711786078,-7.026364225425723,0.0
151,1.0004845737984729,-6.346486675089531,0.0
152,1.0201297822234912,-5.980802736015621,0.0
153,1.0293555179533813,-3.2101197252496436,0.0
154,1.0293872217302396,-3.155206393644039,0.0
155,1.0087900245838317,-3.759331471472514,0.0
156,1.008866012511261,-3.7266433089841953,0.0
157,1.0106241145852441,-3.4069518512394077,0.0
158,1.0107590535018278,-3.399081203873573,0.0
159,1.034948929071079,1.4188467424271505,0.0
160,1.0349645319020513,1.338833535675643,0.0
161,1.0110351122366255,-6.734657262860341,0.0
162,1.0108711483127661,-6.756612373184186,0.0
163,1.0173924982042202,-1.5342022531353336,0.0
164,1.0175249923650773,-1.569402699145038,0.0
165,1.0086925804803972,-3.7657195141787008,0.0
166,1.008793301986214,-3.7318185170947853,0.0
167,1.0226768473972596,-4.926874678527713,0.0
168,1.0226546344540905,-4.889035295899206,0.0
169,0.9972733170667183,-6.363109597968446,0.0
170,0.997397195669986,-6.353874979039743,0.0
171,1.017611304189336,-1.2553604087675079,0.0
172,1.0175995573512397,-1.293398039752146,0.0
173,1.0012825982601985,-7.082997788529401,0.0
174,1.0021875105123117,-7.018587689647812,0.0
175,1.0168016222093825,-6.564102303978477,0.0
176,1.0170152752075312,-6.542374261639883,0.0
177,1.0087206053728492,-7.091041766176368,0.0
178,1.008719742513286,-7.091025070171935,0.0
179,0.9981591310803185,-6.418300231653687,0.0
180,0.9981314881647549,-6.4177566310103895,0.0
181,1.0034608268625809,-5.018431369142,0.0
182,1.0034474877382578,-5.001318931178344,0.0
183,1.0020426995175231,-5.6952350540018735,0.0
184,1.0234276540992289,-4.7445320328847025,0.0
185,1.0234475711437423,-4.762236465379226,0.0
186,1.0237201257629092,-4.730071710324763,0.0
187,1.0238006993248299,-4.745609784998864,0.0
188,1.0009892484600542,-6.067442034717388,0.0
189,1.0010250766461382,-6.082087944643362,0.0
190,1.0151410519446307,-3.2108769110326887,0.0
191,1.006267268097995,-7.223898217447886,0.0
192,1.0063148619074143,-7.22068856636266,0.0
193,1.0054588179761674,-7.277094980634028,0.0
194,1.0276728908403732,-3.7486848691800523,0.0
195,1.027852354773991,-3.734765755244614,0.0
196,1.0151487997606006,-3.2110090590271385,0.0
197,1.0090753990723518,-6.9250188786380305,0.0
198,1.0070641179478235,-7.195620545425424,0.0
199,1.0070695938563459,-7.195308006014443,0.0
200,1.008426237950386,-3.8129728411377197,0.0
201,1.0084541263388735,-3.801832697379171,0.0
202,1.0081703404407114,-3.8598750647867757,0.0
203,1.0081652175406428,-3.8675615970702144,0.0
204,1.0082736802626528,-3.7139195987043916,0.0
205,1.0081826487228118,-3.707541876400472,0.0
206,1.0084052855203232,-3.782604310950781,0.0
207,1.0083946116719305,-3.7896999123022206,0.0
208,0.9993331949477969,-5.523242938934787,0.0
209,1.0302739892477546,-2.9832305363493585,0.0
210,1.0302739892477546,-2.9832305363493585,0.0
211,1.0302742260780446,-2.9832072610211573,0.0
212,0.998201943377776,-4.5241486575224314,0.0
213,1.0147125836407958,-3.2215013532024726,0.0
214,0.9833161495800319,-8.735583025212375,0.0
215,0.9832615637825824,-8.74518376834747,0.0
216,0.9929274033116068,-6.725732665157322,0.0
217,0.9929797654271413,-6.737944578638907,0.0
218,0.9982638994446972,-5.859231137020194,0.0
219,0.9981411105319676,-5.880256325473727,0.0
220,1.0349386821965383,2.378760541638433,0.0
221,1.0012817701673082,-4.316794118960801,0.0
222,1.016709079706296,-2.992213041406636,0.0
223,1.012,-2.183427566571193e-12,0.0
224,1.0119121299157607,-0.028867269789135404,0.0
225,1.003401200181863,-2.0103792322181744,0.0
226,0.9746171304201884,-11.01730206182499,0.0
227,0.9747219504985293,-11.026732873297112,0.0
228,1.0097209082016012,-3.3293573282451243,0.0
229,1.009664081082007,-3.330750748808918,0.0
230,1.0126540013408225,-3.0483844257226873,0.0
231,1.0126565644196808,-3.0517591473648373,0.0
232,1.0102304651572778,-1.3232498265738897,0.0
233,1.010318206534345,-1.3155535929103233,0.0
234,1.001907244849246,-3.088886764035608,0.0
235,1.016567602768251,-2.360205056347909,0.0
236,0.9901781005102261,-11.812952867697467,0.0
237,0.9922210460447723,-5.987435861264473,0.0
238,0.9834409919999371,-12.385275020774914,0.0
239,0.992766664267195,-5.914055373750849,0.0
240,0.992744817693134,-5.91882225748152,0.0
241,1.012493638755635,-4.29514948031275,0.0
242,0.9873295877521189,-5.511752160168862,0.0
243,0.9871882007341213,-5.531724099458617,0.0
244,1.0031945175919141,-3.8738338410209128,0.0
245,1.0030521623668318,-3.9118344053807745,0.0
246,1.0233253480630207,0.7995600720699348,0.0
247,0.9900138971747237,-5.812035147454351,0.0
248,1.0025901806824882,-3.9831804776320228,0.0
249,0.984221382566123,-12.327392048018023,0.0
250,0.9952047581993559,-5.628381900385708,0.0
251,0.985790122376006,-5.9312815051377115,0.0
252,0.9857567874212666,-5.927158849139719,0.0
253,1.0131428461658836,-4.536441754436845,0.0
254,1.0069455672561616,-7.71136742121592,0.0
255,0.9952058734069931,-5.6283705784829134,0.0
256,1.0133780032578363,-5.9280843228899665,0.0
257,1.002493561752972,-7.005620745513163,0.0
258,1.0112284114003618,-5.940323787224635,0.0
259,1.01112951071191,-5.9404873574537795,0.0
260,1.0125987341649656,-5.303725125899549,0.0
261,1.0128845790309022,-5.680204230280163,0.0
262,1.0027404549284087,-3.9686764247417106,0.0
263,0.9918382023394205,-6.049826210022686,0.0
264,0.991841722619212,-6.049260326649847,0.0
265,1.021503547450282,-2.4668683226559778,0.0
266,1.0312861145568755,-2.037219614398042,0.0
267,1.0349815922649754,30.852537756569937,3.891033916931708
268,1.0304985647817408,0.1532915042675915,-32.746486574622224
269,1.024557090252716,0.41043931574114795,0.0
270,1.009663437943643,9.524023152366514,0.0
271,1.0165888891392947,-3.4778593436411565,-0.031538446950037546
272,1.0286987797310043,-5.6714609744713,0.0
273,0.9804996947643824,11.510538620656732,0.0
274,1.028745769878391,-5.013103674346185,0.0
275,1.034996794743243,-2.3577167609641925,26.830860190784673
276,1.0148008955446248,0.6919438026266093,0.0
277,1.021500927293716,-2.4668536262508356,0.0
278,1.0248683823367055,1.4995985749474063,16.898019840041343
279,1.0169692069132972,0.5523120411241607,0.0
280,1.0129711470983684,-10.01924581049307,0.0
281,1.0349915163518366,31.899386917328172,0.0
282,1.0294779152524125,3.7142162175891715,0.0
283,1.0096369088228636,-5.3382716280485765,0.0
284,1.01817325583978,0.35974791350744345,0.0
285,1.0056908958334543,7.733816542047273,17.787515628069773
286,1.0002580974519657,-8.6308400084339,0.0
287,0.9649968940521976,16.869086480481197,0.0
288,1.0349751771749651,-7.178400875336725,0.0
289,1.0230484377411013,1.5750019392138723,0.0
290,1.0095504061576834,10.17435349717099,0.0
291,1.0267625616861626,3.903950657649092,0.0
292,1.0136240869623345,-2.5639151982377206,0.0
293,1.0215035474502818,-2.466868322655976,0.0
294,1.0242798388386185,1.5608553906987368,0.0
295,1.021789686500888,-0.37007493947241815,0.0
296,1.0215035474502818,-2.466868322655976,0.0
297,1.0097752140714378,-0.06509336430559515,0.0
298,1.0349475070725023,13.396000079898789,0.0
299,1.009796346142979,-2.1668387760000747,10.552180903356836
300,1.0250859281348637,0.1827827335828381,51.30446542557481
301,1.0134450731040265,0.7163058276766431,0.0
302,1.000113489752903,8.188280658933333,0.0
303,1.0060009540596233,-10.155574970390138,0.0
304,1.0141697046378182,-6.814123664120092,0.0
305,1.021503547450282,-2.4668683226559787,0.0
306,1.0107452785357127,-11.517401887102707,0.0
307,1.022919047993468,6.748092034324748,0.0
308,1.0094278887746335,-5.599084534800685,0.0
309,1.0094278887746335,-5.599084534800685,0.0
310,1.0160633562100638,-6.1143590189645645,6.104598609495018
311,1.0206865049689697,0.5526070655174794,0.0
312,0.9840517057746035,22.589520284327723,0.024425759742586612
313,1.0123649488508237,-9.566109303039353,0.0
314,1.026224882955431,-4.934306797696187,0.0
315,1.0245997221146546,0.6363446534987088,20.646141925107617
316,1.0304707456272149,3.8973324033189995,0.0
317,1.0224814761845562,1.0531264994280616,0.0
318,1.0119097013173628,-3.2521387884744843,0.0
319,1.0158178997068144,-7.242639548037658,10.217790920658425
320,1.0000465805282133,-9.216892853560884,0.0
321,1.0122817204272816,0.7496440025502737,0.0
322,1.0215035474502818,-2.466868322655976,0.0
323,1.0213445651744872,5.263596876540614,0.0
324,1.022564362652343,0.6216468027326684,0.0
325,1.0089126216110247,-7.571299835652291,0.0
326,1.021503547450282,-2.4668683226559787,0.0
327,1.0251480285529453,2.3107007518239753,0.0
328,1.0003702445877163,-9.13575998468525,-0.10006651211931315
329,1.0089515753987757,1.641329581059513,0.0
330,1.0161358526140076,3.137022194570878,0.0
331,0.9757407280339918,15.260736262165738,0.0
332,1.0253989687860021,6.366169276135087,0.0
333,1.034075430005079,11.400674667804378,0.0
334,1.015876412263562,-6.970690142785214,10.393538046666068
335,1.021503547450282,-2.4668683226559778,0.0
336,1.0293479004728585,2.326120925718595,0.0
337,1.0349737739009102,8.10805043789423,0.0
338,1.029178801251274,-1.7667833263569994,0.0
339,1.028915659972427,-1.7654792259720309,0.0
340,0.9754919396361379,12.760873407176772,0.0
341,1.0289048940888161,-1.7958322870824295,0.0
342,1.0002469380611552,-9.203709001045404,0.0
343,1.0153495233286287,-2.217461373702619,0.0
344,1.0161425277294065,1.0059091974044685,0.0
345,1.0349185825614058,11.618023474952468,3.93985270174523
346,1.0098829086814225,-3.2152890903391804,0.0
347,1.0151435425337425,-9.261874370279921,0.0
348,1.0303699959481174,-6.70856200023536,0.0
349,1.0295949323044038,-4.264465422150195,0.0
350,1.0349671222441401,5.211439678665751,0.0
351,1.0037261086849079,-8.12637400175122,0.0
352,1.010786589445593,-2.4668536262508356,0.0
353,1.0332997033878566,2.3442005382419735,0.0
354,1.0283127340115665,3.2641279010262987,0.0
355,0.9905140556113402,-3.7998777592399344,0.0
356,0.9993119125445741,-2.4845613037831553,0.0
357,0.9993259532148471,-2.4817627632439043,0.0
358,1.0059773198283946,-1.1262899950930125,0.0
359,1.005941265235838,-1.1366137081966536,0.0
360,1.000164657543052,-2.0011550202946853,0.0
361,1.0242410874188923,6.65795608988055,0.0
362,1.0242410874188923,6.657956089880548,0.0
363,1.0297572509013329,5.819466806434581,0.0
364,0.993676387912211,-5.4642026038005,0.0
365,1.0016457712662725,-2.353903108240587,0.0
366,1.0015686046331915,-2.3608352723802826,0.0
367,1.0324972373695962,2.014744704495662,0.0
368,1.0088448498474385,-2.5300851243461504,66.8064091714838
369,1.0088204198241437,-2.529857293914967,0.0
370,1.0066471272634807,-1.7621683187465567,0.0
371,1.006653613026573,-1.7599664904680319,0.0
372,1.0109725142296238,-3.735161210904702,0.0
373,1.0248960782996999,-1.134072169164906,0.0
374,1.024746878096992,-1.1602737138660624,0.0
375,1.0063346439748415,-4.99787668541848,0.0
376,1.0153912412067851,-3.6610530003513815,0.0
377,1.013960249701621,-2.3634315582847925,0.0
378,1.0170623811582937,-1.988013367656756,0.0
379,1.0034409992408697,-2.0942866687526327,32.664232054732146
380,1.0216488214772455,-2.254738644830714,0.0
381,1.01232833264167,-2.3458610401140607,0.0
382,1.026742755045698,-0.6344333773155917,0.0
383,1.0268570769051457,-0.5949684506266324,0.0
384,1.0113436075373652,-2.943353798986978,0.0
385,1.0117695556063289,-2.9173020542884553,0.0
386,1.0338320349167782,0.492673582934914,0.0
387,1.026439692378325,-0.6503203657111466,0.0
388,1.0306450912675282,5.820533331936574,8.453793802720334
389,1.0258098893553806,-0.8251990315955796,0.0
390,1.011369563592607,-4.505109145220056,0.0
391,1.008738371247203,-4.615389972986034,0.0
392,1.0085420322749925,-4.598173133183556,0.0
393,1.0253255004777113,-0.9409822784926687,0.0
395,1.0165574877579047,-2.696270210368423,6.916589255954392
396,1.0126946017157585,-4.169011176584645,0.0
397,1.0105417197408872,-2.2470014058139904,0.0
398,1.0164317232421014,-2.0359831644158417,0.0
399,1.0168074014201938,-2.188928624519115,0.0
400,1.0216507561109434,-1.540190208010408,0.0
401,1.0211820112630594,-2.2890639483286552,0.0
402,1.0096368567064749,-4.944391818305887,0.0
403,1.0100056578976226,-4.702211514351468,0.0
404,1.0100153607836906,-4.693595323073212,0.0
405,1.0056430514405865,-5.221651113400435,0.0
406,1.0145043169298034,-4.3245423314184075,-12.76200516225049
407,1.0143607241511559,-4.352413905562223,-5.399312302995308
408,1.0064137738105972,-5.221152298613087,0.0
409,1.0064211408898756,-5.221492114771983,0.0
410,1.0071753580217597,-5.156326633786652,0.0
411,1.0265342619034548,-0.6311058408991911,0.0
412,1.0264415859516356,-0.6979934290733819,0.0
413,1.0115519330807192,-4.441414715320833,0.0
414,1.0101125812003389,-3.017796454258607,0.0
415,1.0145210682810248,-2.5684392282331703,0.0
416,1.0109597445947704,-4.254320630001879,0.0
417,1.0227585419845464,-1.4080228390920588,0.0
418,1.0127122208787767,-4.1675765514513605,0.0
419,1.0167224887337099,-2.5968236607685307,-5.11850620042558
420,1.0167174393716594,-2.6049960045272362,-5.011085627827857
421,1.006748575457668,-1.2882022900230983,0.0
422,1.0346799577341954,-1.7512345704344368,0.0
423,1.0315889644560963,-1.9239543952107148,0.0
424,1.0238190824388123,-2.3988432567980054,0.0
425,1.0238951462418149,-2.4184868006728895,0.0
426,1.0149961002164782,-3.2166238176320534,0.0
427,1.0149807980858327,-3.19932096253777,0.0
428,1.034991267997891,1.2334157034211188,0.0
429,1.0252316267981567,-3.7675413724685822,0.0
430,1.0224153081983298,-1.1122914211606447,0.0
431,1.0199672714106165,-1.7011258141864016,0.0
432,1.0199656702622815,-1.7210034873175648,0.0
433,1.0225696879752861,-1.0750529862974294,0.0
434,1.0225527997941117,-1.098013453551663,0.0
435,1.0151815100918853,-3.0905549946787985,0.0
436,1.0240097177337166,-2.9315831426730794,0.0
437,1.0250544003966875,-1.8059332902204739,0.0
438,1.0120495339020863,-3.6356683542704205,0.0
439,1.0120194478646485,-3.6074353378341852,0.0
440,1.0318860504959706,1.0240683219282987,0.0
441,1.016343463535114,-3.523184421034518,0.0
442,1.011008402924914,-4.0654017898591635,0.0
443,1.0138459547207974,-4.540542660773956,0.0
444,1.0217609743605243,-3.011039746630941,0.0
445,1.0193529560402463,-2.492943770698037,0.0
446,1.0193529560402463,-2.492943770698037,0.0
447,1.0125559227469079,-4.177996990214208,0.0
448,1.0124898980838002,-4.167129820773077,0.0
449,1.0338043039860283,0.8801937575543913,0.0
450,1.0148009424969828,-4.006807882349848,0.0
451,1.0158400896036983,-3.0162201980055325,0.0
452,1.030799416391897,0.550393889420455,0.0
453,1.0158097001965736,-4.389333497389463,0.0
454,1.0193759907434117,-2.4842843016787852,0.0
455,1.0192393622483116,-2.5184277286932977,0.0
456,1.0148984814394373,-4.130030635601433,0.0
457,1.0149894825405221,-4.117209270088515,0.0
458,1.014953542603699,-4.036473655381254,0.0
459,1.0150575581053134,-4.04623448921961,0.0
460,1.0184876314407758,-4.643490746689732,0.0
461,1.0196583915322472,-4.266524324528017,0.0
462,1.0197211218014277,-4.253673424362962,0.0
463,1.014802615311555,-4.143243607254775,0.0
464,1.015466778767631,-3.9042001211685733,0.0
465,1.0155225516997874,-3.8895496260635465,0.0
466,1.0154225154120882,-4.06703759580524,0.0
467,1.0209776912902013,-3.264497962506788,0.0
468,1.0210794629281439,-3.2437236972535937,0.0
469,1.0183414829973283,-4.402739545280182,0.0
470,1.0135533499374327,-3.812631240284196,0.0
471,1.0136203592645403,-3.8055932554280734,0.0
472,1.0252315468300899,-3.767539994504979,0.0
473,1.015683681746193,-3.0511731466089147,0.0
474,1.0276701472613405,-3.5137985489079337,0.0
475,1.0145960936520355,-4.476042236736428,0.0
476,1.0145710512875727,-4.47875999903007,0.0
477,1.0213995657462185,-3.1863910821020145,0.0
478,1.0163735511036651,-2.922873377473466,0.0
479,1.0162825398864317,-2.9524556689766985,0.0
480,1.0349246640775844,1.1359064216689885,0.0
481,1.0349423431862663,0.565492461031345,0.0
482,1.021437748758714,-1.0579409851474941,0.0
483,1.0329512579969151,2.946867644334856,0.0
484,1.0302715384008023,0.3766136673454669,0.0
485,1.0284356220187787,-0.05868171231599607,0.0
486,1.0281840352883709,-0.09218322784701315,0.0
487,1.034934264434376,0.6798745482586331,0.0
488,1.0259103203444713,0.03754682987071997,0.0
489,1.0321468094035633,0.3011978018259979,0.0
490,1.0326313163657832,0.5004132213006489,0.0
491,1.0038192199211367,-3.826188265943425,0.0
492,1.0036893982182065,-3.8427452188181723,0.0
493,1.0039264727188375,-3.8108054769107045,0.0
494,1.0212106738444588,0.4903055874264345,0.0
495,1.017598388638439,-0.43493788462446786,0.0
496,1.0174070198557124,-0.45968145092570833,0.0
497,1.0161531979835325,-2.1862884492473995,0.0
498,1.0296623481460174,0.47990800064045624,0.0
499,1.0289499661056964,-0.6591220897707544,0.0
500,1.0288436691567258,-0.6762936238387126,0.0
501,1.0032903645454785,-3.89007605073539,0.0
502,1.0294397154477561,0.26306061179984064,0.0
503,1.0170768020618404,-0.13623437364390323,0.0
504,1.0168157646902807,-0.15423082027733076,0.0
505,1.0161954240257087,-0.5772663342604061,0.0
506,1.0159440247808,-0.617120725694086,0.0
507,1.0199140617458855,-1.4262752859459706,0.0
508,1.0198660202469436,-1.4323738541825282,0.0
509,1.024111465833555,-0.6478242707445936,0.0
510,1.0057556939322856,-3.6427173891709934,0.0
511,1.0053592712108694,-3.6714066220097346,0.0
512,1.0012828385948234,-3.978738850471401,0.0
513,1.0177135860298583,-0.4159421373937116,0.0
514,1.0213517462177784,-0.3286653799479467,0.0
515,0.9974768891404846,-4.3340074947038145,0.0
516,0.9973248801406732,-4.358427740493005,0.0
517,0.9976404144968671,-4.307941340822395,0.0
518,0.9974768891404846,-4.3340074947038145,0.0
519,0.9974768891404846,-4.3340074947038145,0.0
520,1.0056201593364165,-3.3103306152027936,0.0
521,1.0076021255003653,-4.516361463661931,75.64775818940186
522,1.0150235874776672,-1.3021520176010637,0.0
523,1.002838735775321,-3.7041323299568685,0.0
524,0.9923881063894635,-4.97023924093131,0.0
525,1.0265685416821626,0.26717926219457355,0.0
526,1.0185461331129018,-1.1183152262978422,0.0
527,1.0250279336503616,-1.1810917807505372,0.0
528,1.0242065311592568,-1.1731843091653074,0.0
529,1.014638646146876,-1.758427922192082,0.0
530,1.0038031796176834,-3.7660631676472307,0.0
531,0.9935035762691902,-6.918720983926288,0.0
532,1.0148098729086328,-1.7375865641783237,0.0
533,1.0022441646907623,-4.17244119720497,0.0
534,1.0019559550850392,-4.195880555228513,0.0
535,0.9857689482937358,-5.288307238716712,0.0
536,0.9855826447205913,-5.307859196997777,0.0
537,0.9859499133619833,-5.270633283829251,0.0
538,0.9857689482937358,-5.288307238716712,0.0
539,0.9857689482937358,-5.288307238716712,0.0
540,0.9861674468970363,-5.22643585082981,0.0
541,0.985982594390071,-5.233482801315834,0.0
542,0.9883883859040785,-5.151498875738317,0.0
543,1.0090487623944,-2.4687798140149435,0.0
544,0.990345628627329,-5.028470746922857,0.0
545,1.0087551638821592,-2.5027131403540563,0.0
546,1.0097448131997364,-2.403248209813643,0.0
547,0.9826908859484563,-5.499118940274634,0.0
548,1.0025131260710713,-4.986594204358143,0.0
549,1.03446342226323,2.15494206955695,0.0
550,1.0342189726797055,2.1193177903327896,0.0
551,1.0348479292397836,0.8162175409369837,19.216441486698017
552,1.0317198654102404,1.527239755254151,0.0
553,1.0250800292985862,-1.3392372247276798,0.0
554,1.0347039897493011,0.8263600194203895,0.0
555,1.0010009130828714,-5.03664623338342,0.0
556,1.0010418335027074,-5.034388992678711,0.0
557,1.0076541895940427,-5.201197859331953,0.0
558,1.0076430624145973,-5.202097528042585,0.0
559,1.010147960933262,-2.911670784100268,0.0
560,1.0293008210158485,0.6412549933703747,0.0
561,1.0275242790315589,1.126472730061076,0.0
562,1.0205176059080594,-0.11025938136502682,0.0
563,1.022310485895765,0.21604994648183318,0.0
564,1.0293008210158485,0.6412549933703747,0.0
565,1.0293008210158485,0.6412549933703751,0.0
566,1.0293008210158485,0.6412549933703747,0.0
567,1.0293008210158485,0.6412549933703747,0.0
568,1.0293008210158485,0.6412549933703747,0.0
569,1.0349656113744667,1.7796126103805583,0.0
570,1.0293008210158485,0.6412549933703747,0.0
571,1.0349471958697045,0.9762079125478607,0.0
572,1.0293008210158485,0.6412549933703747,0.0
573,1.0201701651607542,-0.14816675474324734,0.0
574,0.9926006217994572,-8.567100701012373,0.0
575,0.9926006217994572,-8.567100701012373,0.0
576,0.9765997506432197,-6.859643287052872,0.0
577,0.9765997506432197,-6.859643287052872,0.0
578,1.0236318665628692,-8.695947664299942,0.0
579,1.0237445232775688,-8.697245228742844,0.0
580,1.0200209650761611,-4.094210908007261,0.0
581,1.020060530823563,-4.084902347880177,0.0
582,0.9990983187226374,-4.996501366561578,0.0
583,0.9990983187226374,-4.996501366561578,0.0
584,0.9907073565521518,-8.301087556254123,0.0
585,0.990656721655282,-8.293244350935936,0.0
586,0.9984825572630054,-1.499586725056575,0.0
587,1.0342003547103529,2.9671675859546487,190.68194926206402
588,1.032117451469137,-5.3651645823588945,-7.110773982593942
589,1.020899412908568,-4.116546305067106,0.0
590,1.0209049709686668,-4.118409600633387,0.0
591,1.02012590190402,-2.941925590325119,5.4292903089155296
592,1.0201340694364551,-2.946625214361111,0.0
593,1.0215066615024444,-7.204561538427706,0.0
594,1.0123161500484912,-6.057357395971834,0.0
595,1.0345580188310364,0.30390030223414166,0.0
596,1.0123669746525628,-6.020892012890419,0.0
597,1.0123669746525628,-6.020892012890419,0.0
598,1.0291410072393623,-3.0813235087565016,2.490127462557749
599,0.9720676961419447,-11.034545000089762,0.0
600,1.0081616103482587,-7.030491021066987,0.0
601,1.0127834389332295,-6.223059288657151,0.0
602,0.9826170253354244,-8.522659815469288,0.0
603,0.9827025102351918,-8.513918522969194,0.0
604,1.0103066447770774,-4.39788990675905,0.0
605,1.0295434396084593,-3.0329110403031776,-11.297344250954762
606,1.027500023630093,-3.364714396695757,3.5608244115294196
607,0.9719423833289279,-11.04074649463568,0.0
608,0.9711347715136702,-11.09542240944412,0.0
609,1.018917158718248,-3.670582005785443,0.0
610,1.0093533835673754,-6.941601999915786,0.0
611,1.0149988258031926,-4.940305882008228,0.0
612,1.0156493520892205,-5.913534446193362,0.0
613,1.015575324226237,-5.92766178644487,0.0
614,1.0016282633793854,-7.778708443544283,0.0
615,1.005474602646197,-7.3538035122907885,0.0
616,1.0002750876844537,-8.073373006543035,0.0
617,1.0009585517346382,-7.965799330249561,0.0
618,1.0114915314977806,-5.895718175215218,0.0
619,1.0132988558446716,-5.9290459575996906,0.0
620,1.0118364942859925,-5.92522497929637,0.0
621,1.0110330631783724,-5.573838109488673,0.0
622,1.0163799600743,-4.073248220143961,0.0
623,1.0174819389469187,-3.6647977415206423,0.0
624,1.0278368190797216,-2.2007646108467855,-5.127914820158963
625,1.0137895244655886,-5.886735762663369,0.0
626,1.0185937235641445,-3.264350191733387,0.0
627,1.0062703127656458,-7.264358900071236,0.0
628,1.0163975151786042,-4.071823975996583,0.0
629,1.034236628713076,2.9669727760505937,-1.6490500054154007
630,1.0192776201650318,-11.573741521413265,0.0
631,1.0254202528652832,-2.2290297401311823,0.0
632,1.0288913531109056,1.430488392563737,-7.876016413241426
633,1.0321906664121234,2.771498823345407,0.0
634,1.027603229704078,5.641005562020918,0.0
635,1.0275928885531753,5.636237627326315,0.0
636,1.007367028000808,-1.9526225299135462,0.0
637,1.003236790526758,-2.8086776507525517,0.0
638,1.0032527121916386,-2.807122867879882,0.0
639,0.9967817137408498,-3.2120983399636427,0.0
640,0.9969385569629772,-3.175093638225205,0.0
641,0.9758896271523188,-6.6652161069769145,0.0
642,1.0349805895002362,6.37568636566598,0.0
643,1.03041105277446,3.2763187742812034,7.2740844890868335
644,1.030427643931631,3.2742040925479916,0.0
645,1.028519964996721,5.297872870543457,0.0
646,1.0285421639040895,5.306251101801751,0.0
647,1.0224827115856638,-0.6331261979381926,56.34179027757979
648,1.0258407406606374,-0.9630664666718288,0.0
649,1.0045363626480397,-2.9274152024608093,0.0
650,1.0044855746213563,-2.9238883580119657,0.0
651,1.013870563038959,-2.8980494075344088,0.0
652,1.0085997268445217,-4.127039848082313,0.0
653,1.0237725099204542,-2.4255539809873645,0.0
655,1.0080051767579525,-3.124246900302492,0.0
656,1.00776564477876,-3.6780584003014436,0.0
657,0.9993212313923142,-3.404735179420945,0.0
658,0.9993155614003482,-3.3981803850093475,0.0
659,1.0255931381412788,-0.9208258625299797,0.0
660,1.0262279434679207,-0.7824959818181221,0.0
661,0.998308325898117,-3.5471768647430455,0.0
662,0.998968724274478,-3.433209748528013,0.0
664,1.0070432114323251,-3.1886539356252133,0.0
665,1.0066816095991604,-3.7917630324439555,0.0
666,1.0000699966900524,-3.3534754900140835,0.0
667,1.0189477677082706,-2.4734094719999318,0.0
668,1.0189299570489252,-2.3636655901538886,0.0
669,1.0221399945302827,-2.55507906192371,0.0
670,1.0219499240730945,-2.57785518486723,0.0
671,1.0219279442292961,-2.5754705195182463,0.0
672,1.0011582570382884,-3.251439381638971,0.0
673,1.021854113926372,-2.393734628567865,0.0
674,1.033582088019922,0.745915214508329,4.991002299820417
675,1.0227220644739798,-2.5131962791140383,0.0
676,0.9986353354429155,-3.582162058299576,0.0
677,1.0099332718708542,-2.0950990208798674,0.0
678,1.005945181031563,-2.670065520956319,0.0
679,1.0075320150233342,-3.1595077611913926,0.0
680,1.0165250117486115,-3.3800045824374094,0.0
681,0.9981059389289128,-5.638491327259094,0.0
682,1.0347311221457876,-0.16204147179266823,-22.884869573802668
683,1.0345790297038682,-0.1925281972806944,-6.689918247447473
684,0.9959625465490303,-6.228988161624403,0.0
685,0.9990249084181605,-3.4246309775229955,0.0
686,0.9995689999911136,-3.3875865780760206,0.0
687,1.0306289022350805,-0.6688811098832937,2.6437955473340846
688,1.0236605093287277,-1.3155997935532169,0.0
689,1.017031287757207,-1.144414898426477,0.0
690,1.0240107779768537,-1.5975833404702957,0.0
691,1.0002383195867528,-3.524702822694925,0.0
692,1.0071208166695753,-3.1785006950442,0.0
693,1.03433446713554,0.8400673658898475,0.0
694,1.034149784542697,0.8589972375907853,-32.98032460495396
695,1.0284568401912086,5.552251909053462,0.0
696,0.9906012849118739,-11.88441047772145,0.0
697,0.9826705224821252,-10.871480895667684,0.0
698,0.984950184780669,-11.103730899658766,0.0
699,0.9932143480730783,-7.827220129606825,0.0
700,1.0052499447241754,-5.995759010845372,0.0
701,1.0052005554031533,-6.000567026899604,0.0
702,1.0039322067341443,-6.04372505642282,0.0
703,1.0040924838747345,-6.081803873121703,0.0
704,0.9935722992336061,-8.170161569252768,0.0
705,0.9937398970338267,-8.15826950430068,0.0
706,0.9951506338226779,-8.423030948910386,0.0
707,0.9950924079642286,-8.422905631121361,0.0
708,0.9950926433036361,-8.422909790795936,0.0
709,0.9951508501187126,-8.42303491950877,0.0
710,1.0037507050381969,-6.056931883783072,0.0
711,1.0139152024744642,-6.941064764520118,0.0
712,1.0137097840633122,-6.93270419106248,0.0
713,0.9951101909016468,-8.426611560121477,0.0
714,1.0240601197941035,-2.7867181910189367,0.0
715,1.0243362058882768,-2.697126572911729,0.0
716,1.0064329168499675,-5.933364756330759,0.0
717,1.006349001440157,-5.9413477825769165,0.0
718,1.0174925908245394,-5.072233354730534,0.0
719,0.9930947765219312,-7.825346469559225,0.0
720,1.0076473151646603,-5.851876971639371,0.0
721,1.007968106872786,-5.80859916702494,0.0
722,1.0120344850280663,-4.6315630463311335,0.0
723,1.0122304524496208,-4.544405551048153,0.0
724,0.9938992667429158,-8.32412492752939,0.0
725,0.9939971068538347,-8.335374570491156,0.0
726,1.0056691529605004,-6.031818381861826,0.0
727,1.0057809230097492,-6.014260872739763,0.0
728,1.0062545277049368,-6.393429096030725,0.0
729,1.0060537135850043,-6.383994024571666,0.0
730,1.0174544514193344,-5.074518764867746,0.0
731,1.017538805838988,-5.071329154089144,0.0
732,0.9997356760968631,-6.659720679292519,0.0
733,0.9997302065481716,-6.690812125546497,0.0
734,1.0000352690032508,-6.64457344648278,0.0
735,1.0000919031555184,-6.673393859579237,0.0
736,1.0039015331141592,-6.085636758854532,0.0
737,1.0040852625019598,-6.071051046225608,0.0
738,1.0176627977685793,-5.060673406233621,0.0
739,1.0345344846505595,-1.3430317807053127,0.0
740,1.0348495851381014,-1.2547545103768625,0.0
741,0.9950928562037944,-8.422914234086528,0.0
742,1.0156378244037105,-7.042784350441402,0.0
743,1.0158513545870138,-7.050035765487829,0.0
744,1.0140826909518392,-4.27832096735104,0.0
745,1.0140826909518392,-4.27832096735104,0.0
746,1.0140829315634707,-4.278296942840873,0.0
747,1.0036475528226136,-11.513338476025666,0.0
748,0.9826187149456546,-11.032675673666438,0.0
749,0.9873973746487542,-10.967069382091324,0.0
750,1.0231516312410578,-7.518778405542291,0.0
751,1.0161677848241353,-7.7107497576630175,0.0
752,1.0161113351185525,-7.722218681123639,0.0
753,1.0134346270730077,-8.067122239015621,0.0
754,1.013435419200864,-8.044318598279668,0.0
755,1.0203623629294118,-7.3465410710567545,0.0
756,1.0205254936290986,-7.33526408592519,0.0
757,1.0187028665144306,-7.111860415806074,0.0
758,1.0186531070243512,-7.124105061714167,0.0
759,1.018653347935865,-7.12410922138875,0.0
760,1.0187030879295442,-7.11186438640446,0.0
761,1.0132548588197838,-8.080083121865513,0.0
762,0.9989134523127058,-8.348436816307881,0.0
763,0.999091890221986,-8.34361596631479,0.0
764,1.0186633761082138,-7.1152776362328884,0.0
765,1.0139796726349575,-9.041807026313782,0.0
766,1.014131007766842,-9.059652487030213,0.0
767,1.0173708173646787,-7.568325885702246,0.0
768,1.0172637853967137,-7.592075474902638,0.0
769,1.0312824160322085,-6.936005644950411,0.0
770,1.0230284555863325,-7.51690474549469,0.0
771,1.0192273656580944,-7.36472921414748,0.0
772,1.0197436827323714,-7.3466390960293655,0.0
773,1.0131168240305362,-8.535215522023616,0.0
774,1.013234043174894,-8.557078299194218,0.0
775,1.019158430749181,-7.259137430202841,0.0
776,1.019048347335242,-7.249902590743144,0.0
777,1.0169927038856819,-7.120623453638114,0.0
778,1.0172765475192111,-7.143742528353969,0.0
779,1.0084539154474266,-8.189449597511555,0.0
780,1.0086357781979087,-8.183790766112407,0.0
781,1.0312448304120887,-6.938231467895724,0.0
782,1.031328066913242,-6.935126571032893,0.0
783,1.0160685406576964,-7.920126140866631,0.0
784,1.0159536598557488,-7.910175902009784,0.0
785,1.0163631891923726,-7.905457587633481,0.0
786,1.01630945260175,-7.893305085818511,0.0
787,1.0142997646133036,-7.91687771305512,0.0
788,1.0144816036049829,-7.902589356512212,0.0
789,1.0314503150143102,-6.924752183460677,0.0
790,1.0154493389712762,-9.371588643843692,0.0
791,1.0156012760605724,-9.38935244117032,0.0
792,1.018653565876838,-7.124113664679339,0.0
793,0.9970685603186165,-8.364453864070375,0.0
794,0.9968981520760539,-8.368179809766637,0.0
795,1.0132988742911753,-8.631432932149174,0.0
796,1.0132988742911753,-8.631432932149174,0.0
797,1.0132991150889268,-8.631408870457305,0.0
99994,1.022310485895765,0.21604994648183318,0.0
99995,1.0302931245997549,0.04956156539801454,0.0
99996,1.0036787604288189,-4.168752938669561,0.0
99997,1.0242065311592568,-1.1731843091653076,0.0
--generator section
bus,id,mw,mvar
223,'1',630.7755718998986,34.33364716378128
223,'2',350.88976604126765,34.33364716378128
223,'3',630.7755718998986,34.33364716378128
6,'1',0.0,0.0
23,'98',0.0006155256496522668,195.68090467694174
25,'1',0.0,0.0
25,'2',0.0,0.0
31,'99',146.99904446816367,57.327481198333885
33,'1',0.0,0.0
35,'1',0.0,0.0
35,'2',0.0,0.0
35,'3',0.0,0.0
43,'99',186.93484506663168,-26.475219699833588
45,'1',0.0,0.0
46,'99',66.15486398230543,64.78586866435774
47,'99',0.048635325649174714,-8.993171833654856
52,'99',132.65878711671292,-17.167410913088816
55,'99',161.4949569948465,-31.703644493553952
59,'1',3.836449036043874,5.586204878221224
65,'1',7.396304901303729,-11.682297442012697
65,'2',0.0,0.0
71,'99',0.046699288823855614,-6.183016819453655
80,'1',0.0,0.0
80,'2',0.0,0.0
86,'99',0.008628815916948333,-21.101859352981023
87,'1',0.0,0.0
90,'99',70.76703911460586,-17.368603973523932
93,'99',314.9864383525165,7.513093053386569
98,'99',0.0,0.0
99,'1',0.0,0.0
100,'1',0.0,0.0
100,'99',0.0,0.0
116,'1',0.0,0.0
117,'1',0.0,0.0
121,'1',0.0,0.0
131,'1',0.0,0.0
131,'2',0.0,0.0
131,'3',0.0,0.0
131,'4',0.0,0.0
133,'99',0.0,0.0
134,'1',0.0,0.0
151,'1',0.0,0.0
151,'2',58.33400503152699,60.6089290977273
152,'1',79.00107931625872,116.66473888516995
152,'2',0.0,0.0
156,'99',0.0,0.0
159,'99',366.2431257537221,-7.228227919395408
190,'99',99.57196130125273,-9.429055803860706
221,'1',0.0,0.0
221,'2',0.0,0.0
221,'3',0.0,0.0
222,'1',240.00341874693916,164.55664174247306
222,'2',0.0,0.0
224,'1',0.0,0.0
224,'2',240.0030687223311,55.27737495567368
224,'3',240.00291740051782,55.27737495567368
233,'99',221.79458489167868,141.58784248077507
236,'1',0.0,0.0
236,'98',149.9956155813086,44.02639486926023
246,'1',240.00318702761177,128.47120388162273
250,'1',0.0,0.0
256,'1',0.003137118969326973,21.70705560644518
267,'99',266.1904656739349,-44.26339400233269
268,'99',501.4885247084795,136.34149584977217
272,'99',93.08238795183058,34.78030803110914
275,'99',91.30950844371873,38.70467085714222
281,'99',164.9323147249074,-25.55796452228458
293,'1',0.0,0.0
296,'1',0.0,0.0
298,'99',35.074345635169536,3.2596442994072277
304,'99',0.0,0.0
305,'1',0.0,0.0
307,'99',46.09258591190481,104.36726843563156
309,'1',0.0,0.0
326,'1',0.0,0.0
335,'1',0.0,0.0
337,'99',46.11071841514856,-3.0056036392679744
342,'1',0.0,0.0
345,'99',14.32584194153725,2.829248146088389
350,'99',159.2989705269246,8.821789990322827
352,'1',0.0,0.0
353,'99',147.82279710824838,55.820351766772546
357,'99',0.0,0.0
361,'99',625.125596084167,-97.91741926998401
364,'99',0.0,0.0
370,'1',0.0,0.0
370,'2',0.0,0.0
370,'3',0.0,0.0
371,'1',0.0,0.0
373,'1',68.74645944129838,26.11438260948512
374,'1',0.0,0.0
375,'1',0.0,0.0
376,'1',0.0,0.0
376,'99',0.0,0.0
380,'99',0.0,0.0
384,'1',0.0,0.0
385,'1',0.0,0.0
390,'99',0.0,0.0
391,'1',0.0039567647622810575,6.477358594642283
395,'1',0.0,0.0
401,'1',0.0,0.0
402,'1',0.0,0.0
408,'1',0.0,0.0
414,'1',0.0,0.0
416,'1',0.0038481860332430567,1.2060072087379865
422,'99',146.54364946127228,137.47801041340222
428,'1',1.0037858067417875,14.908154761067891
428,'2',0.0,0.0
428,'3',1.004137889759167,15.93444077722836
436,'99',144.65690798613863,70.17050311778291
437,'99',213.26241758428833,-24.88755307074996
442,'99',0.0,0.0
443,'99',0.0,0.0
444,'1',0.0,0.0
449,'99',56.75076601787295,2.453858535375389
469,'1',1.0031409684313704,23.789815184530624
470,'1',0.0,0.0
470,'2',0.0,0.0
471,'1',0.0,0.0
471,'2',0.0,0.0
471,'3',0.0,0.0
474,'99',83.13384000705743,6.471202661361872
480,'99',78.33162501436641,15.34361763969548
481,'99',63.29137634490733,13.909754389319573
482,'99',119.86447219446373,21.363891076378195
483,'99',363.7647701586154,111.35759819796272
487,'99',160.47685239890131,44.35138551208672
490,'99',99.23171866362117,29.14060383279525
494,'99',17.460157972994928,7.36315437913197
499,'99',106.7304126952065,61.0810833577666
525,'99',0.0,0.0
549,'99',69.55380851861354,23.832385938812877
559,'1',0.0,0.0
564,'1',0.0,0.0
565,'1',0.0,0.0
566,'1',0.0,0.0
567,'1',0.0,0.0
568,'1',0.0,0.0
569,'1',162.8793457025669,44.44952752251075
570,'1',0.0,0.0
571,'1',41.358054077545845,37.869188641661765
572,'1',0.0,0.0
573,'1',0.0,0.0
576,'99',0.0,0.0
578,'1',135.00121275303397,130.6908391896821
579,'2',0.0,0.0
579,'3',0.0,0.0
579,'98',0.0027320846884789293,169.14653892181752
580,'1',0.0,0.0
581,'1',0.0,0.0
581,'2',0.0,0.0
587,'99',1143.6867077385139,43.926951541028984
591,'99',0.0,0.0
596,'1',90.00200728898898,25.962339904736126
599,'1',0.0,0.0
602,'1',0.0,0.0
611,'1',0.0,0.0
619,'1',0.0,0.0
620,'1',0.0034798858024203093,2.588656200046472
623,'99',0.0,0.0
625,'1',0.0006481916860635479,-3.663588133621573
630,'1',0.0034313203858667863,27.40860984438922
633,'99',172.4361844929015,3.211096026271548
634,'99',352.16464238520155,-18.808862188712283
639,'99',0.0,0.0
640,'99',0.0,0.0
645,'1',98.48531347759778,8.095836649395977
645,'2',0.0,0.0
645,'3',98.48530520111781,8.095836649395977
646,'1',223.74035874909316,-7.073611133353495
648,'98',0.0001411960104117035,3.686376641735933
649,'1',0.0,0.0
650,'1',0.0,0.0
652,'1',0.003666395341147661,0.39847450409317275
652,'98',0.0001300656649418474,0.9281340301100727
659,'1',0.00022630754199583024,0.9991451308944761
660,'1',0.0,0.0
667,'1',0.003958524053105368,0.8720036790966788
667,'98',0.00012194304864179728,1.8464425079264402
674,'1',1.0035025494930456,-3.1122978258943874
675,'1',0.00019624334696766944,-0.20023476608264446
679,'1',0.0,0.0
684,'1',0.003631317281212598,-6.878690702201709
684,'99',0.0,0.0
688,'1',0.003920085195024977,11.974817082073969
690,'1',0.0039941206445581745,-0.0024980353326213844
690,'98',0.00014650707726823897,-0.005398579603820508
693,'98',0.00014620239166218384,38.57928951021461
696,'99',0.0,0.0
697,'99',0.0,0.0
698,'1',0.0,0.0
702,'1',0.0,0.0
703,'1',0.0,0.0
706,'1',0.0,0.0
719,'1',0.0,0.0
719,'2',0.0,0.0
738,'99',58.40687285564638,38.30375183953265
740,'99',336.23687523027905,20.398581645016293
743,'99',0.0,0.0
747,'99',35.14133804928664,123.8091930121775
748,'99',0.0,0.0
749,'1',0.0,0.0
753,'1',0.0,0.0
754,'1',0.0,0.0
757,'1',0.0,0.0
770,'1',99.14216009694876,119.53183417957356
770,'2',0.0,0.0
789,'99',58.403853377044825,85.68109471057085
791,'98',0.003420873226357341,56.62200387259088
794,'99',0.0,0.0
